%YAML:1.0
---
model_type: KANNALA_BRANDT
camera_name: kannala-brandt
image_width: 752
image_height: 480
projection_parameters:
   k2: -2.9260838676861800e-02
   k3: 1.4617098474576229e-02
   k4: -1.7343161936389722e-02
   k5: 5.1386062969849102e-03
   mu: 3.6602443795088459e+02
   mv: 3.6627992234532695e+02
   u0: 3.7260775567019789e+02
   v0: 2.4865592525297726e+02
