%YAML:1.0
---
model_type: KANNALA_BRANDT
camera_name: kannala-brandt
image_width: 640
image_height: 400
projection_parameters:
   k2: 5.5241256663083016e-01
   k3: 2.2254136000848238e-01
   k4: -6.1316830129011812e-01
   k5: 2.6461435447328463e-01
   mu: 2.0035702673601733e+02
   mv: 2.0037916475645522e+02
   u0: 3.0263049154257715e+02
   v0: 1.9486161411899698e+02
