%YAML:1.0
---
model_type: PINHOLE
camera_name: pinhole
image_width: 752
image_height: 480
distortion_parameters:
   k1: -3.0377346762098512e-01
   k2: 7.9929693673999838e-02
   p1: 5.1547517530716883e-05
   p2: -6.7345903740579250e-04
projection_parameters:
   fx: 3.6514014888558478e+02
   fy: 3.8932395100630907e+02
   cx: 3.6513385298966961e+02
   cy: 2.3495160212312547e+02
