%YAML:1.0
---
model_type: MEI
camera_name: mei
image_width: 752
image_height: 480
mirror_parameters:
   xi: 4.2276529121415196e+00
distortion_parameters:
   k1: 1.1880417503827279e+00
   k2: 1.8715936073380437e+01
   p1: 8.1199259956183268e-04
   p2: -3.5743583937076330e-03
projection_parameters:
   gamma1: 1.9141755334539989e+03
   gamma2: 1.9155253329663497e+03
   u0: 3.7328624305174617e+02
   v0: 2.4872386043465906e+02
