%YAML:1.0
---
model_type: PINHOLE
camera_name: pinhole
image_width: 640
image_height: 480
distortion_parameters:
   k1: -3.2446670532226562e-01
   k2: 1.2124252319335938e-01
   p1: -1.7547607421875000e-04
   p2: 2.4795532226562500e-04
projection_parameters:
   fx: 3.5356039428710938e+02
   fy: 3.5379177856445312e+02
   cx: 3.1040411376953125e+02
   cy: 2.4336683654785156e+02
