%YAML:1.0
---
model_type: PINHOLE
camera_name: pinhole
image_width: 640
image_height: 480
distortion_parameters:
   k1: -3.1588745117187500e-01
   k2: 1.0973358154296875e-01
   p1: -3.4332275390625000e-04
   p2: 1.0795593261718750e-03
projection_parameters:
   fx: 3.5521273803710938e+02
   fy: 3.5530209350585938e+02
   cx: 3.2900509643554688e+02
   cy: 2.5147018432617188e+02
