%YAML:1.0
---
model_type: MEI
camera_name: mei
image_width: 640
image_height: 480
mirror_parameters:
   xi: 2.5994645103189380e+00
distortion_parameters:
   k1: 2.1608875019506257e-01
   k2: 1.3391465645163911e+00
   p1: 1.2885546508239097e-03
   p2: -4.4434388252141618e-03
projection_parameters:
   gamma1: 1.2765161858242850e+03
   gamma2: 1.2769138508606818e+03
   u0: 3.3291721754099336e+02
   v0: 2.4103943338759862e+02
