%YAML:1.0
---
model_type: KANNALA_BRANDT
camera_name: kannala-brandt
image_width: 640
image_height: 400
projection_parameters:
   k2: 5.2439847110591131e-01
   k3: 3.2689444067913648e-01
   k4: -7.6332452770569170e-01
   k5: 3.3483575748734939e-01
   mu: 1.9999833168166987e+02
   mv: 2.0003418802231107e+02
   u0: 3.0697887229339136e+02
   v0: 1.9917771692957720e+02
