%YAML:1.0
---
model_type: MEI
camera_name: mei
image_width: 640
image_height: 400
mirror_parameters:
   xi: 1.3964762866101748e+00
distortion_parameters:
   k1: 3.5426287444045794e+00
   k2: -8.3767109822607466e+00
   p1: -3.1775223953445751e-03
   p2: -3.1688300215628024e-03
projection_parameters:
   gamma1: 4.8143907083471998e+02
   gamma2: 4.8144392937508820e+02
   u0: 3.2387163440279545e+02
   v0: 2.0139316799159613e+02
